198
397
2127
198
34748
198
32396
198
47158
198
2860
713
198
2860
14137
198
49922
198
1878
30997
198
1878
37189
198
30315
198
31840
198
439
23823
65
4548
198
321
15093
198
2382
7490
198
272
282
198
272
282
42883
198
272
2820
87
198
648
494
198
648
563
198
41141
198
283
397
198
283
8937
198
533
5708
198
853
494
198
283
29997
198
17208
198
17208
13207
198
292
666
198
562
198
562
44961
198
562
562
4559
198
562
562
1883
198
46635
198
562
65
7928
198
562
2436
1603
198
562
565
593
198
562
8232
7081
198
13978
198
562
31699
198
562
69
12603
198
562
5183
198
562
13207
198
562
28439
198
562
71
382
198
562
73
8337
198
562
41304
198
562
41304
263
198
562
41582
593
198
562
75
624
198
562
75
15799
198
562
75
2502
198
562
805
198
562
49572
198
562
76
3316
198
562
6199
2044
198
562
8002
263
198
562
4063
378
198
562
79
7211
444
198
562
81
2564
198
562
1929
382
198
562
86
3757
198
776
40676
5898
198
20358
198
64
436
1373
666
198
65
11231
198
65
43256
198
1891
9424
198
1891
4598
26183
198
1891
24073
198
14774
31699
198
6893
297
15799
198
21591
198
21591
441
198
65
4924
198
65
2373
396
198
49382
306
18011
198
5657
69
198
5657
2550
198
5657
487
558
198
65
459
198
65
459
446
220
198
65
1031
506
292
198
65
44299
3150
198
14289
263
198
1350
459
198
1350
459
1483
198
1350
459
498
198
1350
459
498
414
198
12945
2364
198
12945
12
2364
198
12945
14108
41495
198
1350
8770
198
13466
498
198
13466
498
414
198
8482
198
8482
963
198
65
856
198
65
291
16421
198
14261
562
198
14261
65
459
446
198
14261
43059
198
14261
1362
198
65
20863
198
8482
12
18338
198
65
2007
198
2545
2044
198
2545
2052
198
2545
2395
89
198
65
2007
259
198
65
19811
198
65
2007
6649
499
198
65
2007
88
198
2545
34755
198
13424
198
13424
805
198
13424
448
198
2436
4595
198
27461
198
48619
198
48619
21858
198
2127
648
198
65
9632
198
65
1219
2954
198
65
692
624
198
65
692
735
198
27657
198
65
296
1213
198
27657
278
198
65
33273
198
65
296
67
198
65
623
496
198
4189
263
198
65
506
198
2127
672
198
2127
672
444
198
2127
8158
198
2127
26730
198
65
702
88
198
2127
296
198
2127
506
198
2127
44294
198
65
2049
494
198
18769
88
198
18769
88
13345
198
65
17705
5657
198
16057
198
4679
64
20
83
198
4679
459
198
4679
459
21858
198
4679
459
75
2502
198
4679
459
805
198
7957
37274
198
25456
1362
198
25456
10446
198
25456
7076
198
16308
66
2416
198
16308
67
522
198
16308
9892
365
198
16308
16211
198
4435
903
31699
198
4435
31699
198
65
2150
64
198
65
403
456
2305
198
6236
798
198
10899
198
4360
354
65
397
274
198
4360
354
67
522
198
4360
354
9892
365
198
43059
198
43059
36668
198
43059
12
36668
198
43059
2550
198
4360
27110
1347
198
43059
12
31699
198
4360
27110
12603
198
43059
12
69
12603
198
4360
27110
1347
364
198
43059
12
31699
364
198
4360
1169
324
198
43059
805
198
4360
17209
3316
198
43059
6199
2044
198
43059
4063
378
198
43059
16875
198
43059
301
391
198
1525
963
198
66
10735
198
66
17983
73
8337
198
66
17983
44579
198
5171
18425
198
48870
198
66
5117
316
6199
2044
198
66
3258
1071
198
66
776
4160
198
66
776
19615
198
344
4164
1924
198
354
615
198
2044
563
7501
2848
198
354
3378
75
624
198
17197
338
198
24658
198
24658
10546
198
24658
41763
198
354
3762
198
354
676
198
354
29246
198
354
1170
198
354
1098
198
43533
198
43533
666
198
36964
198
46040
198
66
9235
198
565
321
12894
1362
198
565
28745
1428
198
565
270
198
565
2072
271
198
565
519
86
519
198
66
420
5718
198
21517
198
21517
9967
198
21517
9967
263
198
21517
8232
7081
198
21517
15481
198
21517
2256
198
21517
15418
672
198
21517
75
15799
198
21517
75
2502
198
21517
34952
198
21517
4188
268
198
21517
49449
198
66
3320
805
198
66
3320
22947
198
66
3320
76
11020
198
66
3320
48915
198
66
3320
1347
220
198
66
3320
17758
220
198
66
3320
12603
198
66
3320
19296
198
21517
13199
198
21517
660
589
198
21517
88
198
1073
21067
198
1073
17506
198
8043
198
25717
198
4033
8167
198
9503
494
198
10709
396
198
17561
296
198
43218
198
5936
8703
198
24494
494
198
1073
3366
198
20912
198
1073
623
519
198
22163
5039
198
20772
13207
198
46260
198
66
430
20
71
198
6098
8937
198
6098
441
198
6098
441
34360
198
6098
441
1929
382
198
6098
441
12
1929
382
198
66
2416
198
66
2416
5708
198
66
430
2848
198
66
430
14097
198
6098
1077
198
36277
88
198
28126
198
6098
999
198
45955
198
50086
6897
198
66
10599
354
198
66
10599
354
73
8337
198
66
10599
354
49572
198
66
10599
354
10599
198
36340
198
66
2178
549
903
198
36340
23411
198
36340
73
8337
198
66
13929
198
66
31647
198
36340
2229
198
36340
421
265
198
36340
4188
268
198
36340
9442
198
66
403
4386
385
198
66
403
4509
385
198
66
20935
198
66
20935
4386
385
198
66
403
429
83
198
66
2797
198
66
6311
88
276
198
66
2797
31699
198
66
2797
69
12603
198
66
2797
75
624
220
198
66
2797
75
15799
220
198
66
2797
75
7958
220
198
66
34115
12603
198
948
527
8044
198
948
1213
2475
263
198
67
3839
198
67
993
647
198
11043
2781
198
11043
77
198
11043
25729
198
11043
48825
198
21953
494
198
21953
88
198
19608
77
328
4908
198
25124
198
2934
499
26110
265
198
22595
198
22089
26110
265
198
4299
721
378
198
13500
78
198
26567
198
10378
7434
198
8906
557
198
41659
198
67
2788
198
7959
346
198
7959
346
86
669
5303
2848
198
67
624
198
67
624
27825
198
67
624
1640
1671
1299
198
67
624
2256
198
67
624
1203
198
67
624
75
624
198
67
624
75
15799
198
67
624
805
198
67
624
86
324
198
67
624
39054
198
67
2509
198
11979
198
67
798
198
25990
198
67
522
198
67
39583
198
12083
293
8396
198
67
676
198
67
541
16211
198
67
541
13915
198
49075
198
67
786
589
198
67
786
1386
198
17080
37694
198
67
425
198
67
844
198
67
844
798
522
198
67
844
798
88
365
198
9703
70
6386
2349
198
9703
1360
7635
198
67
506
198
67
36038
198
67
2238
12
67
2238
198
67
4207
198
67
3008
198
7109
363
4188
268
198
7109
363
80
975
198
67
5528
67
624
198
30349
198
7109
2954
198
7109
2954
268
198
67
2178
198
67
2178
562
198
67
2178
65
2007
198
67
2178
31699
198
9892
891
306
198
9892
365
198
30412
893
75
315
198
4098
21591
198
4098
1326
198
4098
79
14650
198
721
301
1590
198
68
30482
5039
198
68
30482
4817
198
68
30482
8306
220
198
68
30482
1741
198
268
19687
198
46970
198
567
310
198
567
596
198
3529
198
3798
419
198
2788
14922
666
198
38546
198
44252
431
272
198
1990
75
198
1069
7513
434
198
41049
198
18558
7241
198
18558
1009
198
18558
1009
263
198
20676
18442
198
2550
69
12603
198
13331
721
274
198
69
363
198
69
16406
198
69
9460
313
198
69
363
313
198
47904
198
32165
495
198
22043
444
198
69
13021
198
41751
198
69
7737
69
12603
198
69
433
198
69
19112
220
198
69
433
278
220
198
69
25494
220
198
7217
31699
198
17359
198
17359
993
198
17359
562
198
17359
31699
198
17359
69
12603
198
17359
568
198
69
694
36340
198
69
451
198
69
721
274
198
69
417
39485
220
198
69
417
354
198
69
417
2044
198
69
417
10813
198
23299
39485
198
31985
354
198
31985
2044
198
31985
10813
198
34045
680
198
15481
198
10379
541
1437
198
10379
541
2879
198
35461
19425
198
35461
31699
220
198
35461
69
17758
220
198
35461
69
12603
220
198
35461
31699
364
198
35461
69
19296
220
198
6495
198
69
3428
198
69
1694
198
69
396
31699
198
69
396
69
17758
220
198
69
396
69
12603
220
198
69
396
69
19296
220
198
69
9665
198
2704
858
198
2704
31218
198
38568
32401
198
2704
2238
198
12254
11979
198
12254
67
5948
198
69
482
198
69
623
293
198
5898
2673
198
5898
31699
198
5898
69
12603
198
5898
75
15799
198
5898
7364
198
754
198
754
20407
198
69
1211
72
198
69
1211
5344
198
69
4662
462
198
14337
4246
3787
198
69
22863
198
19503
461
31699
198
19503
15492
69
12603
198
5787
31699
198
20942
198
69
549
283
198
69
1229
198
69
18863
74
198
31699
198
31699
64
198
31699
540
198
31699
21454
198
31699
65
21584
198
69
17758
198
69
17758
929
198
69
12603
198
31699
364
198
31699
2550
198
31699
23411
198
31699
19503
461
198
31699
6726
198
31699
2256
198
31699
372
198
31699
259
198
31699
1437
198
69
19296
198
69
19296
65
2007
198
31699
3732
5500
198
31699
259
3506
198
31699
270
198
31699
15418
672
198
31699
1326
220
198
31699
1326
10424
198
31699
49572
198
31699
2364
198
31699
79
328
198
69
6238
198
31699
83
446
198
31699
1929
382
198
69
5309
280
198
69
12587
8002
263
198
69
1018
306
198
69
2724
198
20942
591
198
12543
1691
198
12543
31699
198
69
2150
385
198
20942
1347
198
28284
36668
198
28284
65
5102
220
198
28284
65
2564
198
28284
38031
198
70
1352
65
4548
198
22744
198
22744
76
1071
1878
1347
259
1929
382
198
22744
8044
220
198
469
8471
198
469
8471
263
198
5235
72
198
5235
1287
198
1362
805
198
1136
37752
198
1655
198
1655
10872
198
70
3974
198
36960
198
26535
2256
198
4743
1031
6048
16478
198
44270
198
25344
198
25344
321
2781
198
70
5088
321
270
198
70
5088
321
2781
198
70
5088
34684
198
70
5088
321
2817
198
70
5088
321
2516
198
70
5088
34684
270
198
70
5088
321
21533
1071
1878
12603
198
24267
641
33539
198
14520
273
260
21632
198
70
13569
363
292
198
70
566
198
70
2069
12758
198
70
726
198
70
726
320
198
16694
589
1894
198
70
1806
78
198
70
20646
198
47181
198
70
23341
1741
198
70
549
7012
198
70
31647
198
7145
198
1360
79
198
1360
7501
198
1360
381
198
1360
381
494
198
1360
16634
198
1360
14097
198
2763
292
198
4993
21858
198
71
32678
198
10424
263
198
10424
261
198
43466
76
198
2256
31699
198
2256
8091
198
258
1350
198
258
1765
198
12758
198
831
4803
198
11718
259
198
372
12272
198
43332
8542
198
71
2926
441
198
71
2926
10735
198
71
2926
5430
198
12639
35546
444
198
71
521
2238
198
71
2304
735
198
17945
1754
198
17945
1754
1042
198
17945
1754
396
198
71
452
198
8873
198
71
20391
198
2065
22699
198
71
3028
198
13207
198
3937
395
13712
198
26452
5285
198
71
17902
198
26452
672
6606
198
26452
8542
198
71
506
263
198
24130
74
198
24130
15949
198
24130
2539
198
24130
2584
198
25480
198
25480
263
198
25480
364
198
71
48316
198
71
382
198
71
967
198
25311
198
71
4195
198
25311
6386
198
25311
88
198
71
669
5069
270
198
71
577
21858
198
71
13416
198
4774
496
198
8940
11043
77
198
8940
79
14650
198
71
1252
313
10599
198
17047
647
198
7537
2584
198
71
14650
198
71
436
1754
198
12114
3653
198
71
4948
494
198
571
9319
84
198
312
5151
198
522
88
198
47749
198
1939
395
198
1040
395
198
3849
17319
198
3849
33001
198
600
258
562
198
600
258
36873
198
271
2510
198
271
2510
72
198
271
2510
338
198
1287
10115
198
2007
198
19650
562
198
19650
2364
198
19650
16211
198
19650
490
14710
198
73
671
198
73
499
198
73
2674
2771
198
73
499
66
2416
198
73
33209
198
73
33105
198
73
9587
2364
198
73
274
385
198
73
274
385
43533
198
47483
198
47483
680
198
73
13827
198
73
328
397
2238
198
73
6950
198
73
328
4908
198
73
6950
34748
198
73
15249
220
198
73
328
1360
198
73
11166
198
73
2926
73
571
2238
198
73
320
11084
198
73
1042
198
73
528
220
198
73
528
320
198
73
528
14396
501
198
73
528
76
220
198
73
6457
198
73
6457
320
198
73
6457
388
198
73
1563
198
73
6837
7335
198
73
10339
198
73
13687
65
16948
198
74
31183
198
74
2001
343
198
74
2001
260
198
74
1878
343
198
27541
539
198
38439
198
74
15249
198
74
522
198
12728
198
42130
198
32156
198
43764
198
74
2171
198
74
676
198
74
29246
198
41304
562
198
28747
74
198
48810
198
15418
735
364
198
74
735
198
74
623
388
198
74
2049
198
74
313
1069
198
74
2416
198
74
430
14097
198
74
430
315
198
74
388
198
74
2178
549
903
198
74
2178
724
1350
198
74
31647
198
74
388
2229
198
74
388
421
265
198
74
5700
198
28374
4386
385
198
74
20935
4386
385
198
74
2797
198
2584
198
2584
365
198
75
529
378
198
75
1698
198
37796
67
590
198
75
10680
198
829
65
391
198
829
24406
77
198
829
12210
198
829
8800
198
829
2127
198
36858
198
36858
1350
198
293
14969
891
1289
82
198
36858
2127
198
293
3019
198
293
47802
198
35739
198
8019
17305
198
75
15799
198
75
624
1326
198
13508
198
27299
88
198
2475
30094
624
198
2475
88
198
1359
18287
198
75
1557
273
198
75
1083
1069
198
14578
7145
198
47288
5350
198
5439
13416
198
75
13416
198
75
9650
198
23205
15992
198
23205
42469
198
23205
7145
198
23205
14396
501
198
23205
14664
2375
198
23205
79
396
349
198
75
2502
5459
198
75
4883
901
198
7278
67
198
75
3266
21858
198
75
1229
7087
198
75
5309
66
6475
417
44579
198
75
1018
272
198
6213
354
198
20285
22260
198
9937
198
76
22214
198
32707
86
392
198
76
4105
198
805
71
729
198
805
34274
198
76
42834
198
47616
397
378
198
47616
397
729
198
9866
65
378
198
9866
2436
1603
198
47616
25619
1352
198
47616
5945
378
198
47616
5945
803
198
76
1078
601
1050
259
919
198
41495
1350
1436
198
41495
39638
198
76
2788
198
76
1069
7490
198
76
26679
198
76
1130
273
198
9383
2539
69
3732
198
76
485
459
198
25433
69
198
1084
29134
198
76
8337
198
76
735
494
198
76
735
88
198
76
1659
78
198
76
31375
198
76
4316
198
43132
395
198
43132
27364
198
76
15764
198
43132
395
273
198
47122
893
8940
198
22977
66
5557
316
198
76
10615
198
4491
261
198
16785
10671
198
76
793
2256
198
76
849
1878
1347
198
76
849
1878
1347
64
198
76
849
1878
1347
1031
198
76
849
1878
17758
220
198
76
849
1878
12603
198
76
849
1878
1347
259
198
76
849
1878
19296
220
198
76
849
1878
1347
654
198
13552
31699
198
13552
69
17758
198
13552
69
12603
198
13552
31699
259
198
13552
69
19296
198
13552
31699
654
198
13552
23205
15992
198
76
1648
198
76
1648
67
425
198
76
1648
67
1428
198
76
1648
521
1428
198
76
1648
46965
2189
198
76
377
45807
198
6199
2044
198
76
2797
198
28582
1082
198
76
2799
11882
198
14664
2475
198
77
4335
198
77
5605
6210
198
77
7833
198
77
7833
65
2007
198
77
7833
8873
198
77
459
893
75
315
198
77
7833
1929
382
198
77
7761
198
710
19915
198
12480
305
198
12480
305
274
198
12480
3882
198
12480
305
338
198
77
328
198
77
8254
198
77
8254
666
198
77
8254
1547
198
77
6950
198
77
328
4908
198
77
6950
993
198
77
328
4563
44456
198
77
6950
446
198
77
6950
10676
198
77
6950
13493
198
77
6950
446
26061
198
77
6950
446
26061
338
198
77
6950
446
306
198
77
6950
1371
198
77
6950
446
338
198
77
6950
1031
198
77
15249
198
77
15249
2256
198
77
15249
13207
198
77
328
5355
198
77
15249
338
198
77
24082
198
77
6950
992
198
77
6950
829
198
77
6950
1359
198
77
328
4743
654
198
77
6950
273
198
77
6950
333
198
77
328
1616
198
77
570
519
198
77
3692
198
77
328
430
198
77
328
260
198
77
541
198
77
18793
198
77
3974
75
1586
198
77
715
270
198
21283
26679
198
21283
1130
273
198
77
1659
19296
1014
198
77
566
198
3919
2088
88
198
77
18055
198
6357
272
198
6357
263
198
77
2507
198
77
463
1362
198
77
4649
198
14930
69
12603
198
3281
23335
198
261
490
363
198
6864
198
2398
64
198
2398
292
320
220
198
2398
8597
198
2398
444
198
273
1360
198
418
1689
198
79
8182
198
79
2040
320
666
198
18596
395
24605
198
79
504
444
198
79
504
88
198
79
17096
198
79
415
444
198
15577
78
198
431
7063
27235
27077
198
431
694
198
431
15280
198
431
15280
3822
198
39463
198
39463
13207
198
39463
12
39463
198
431
538
12860
198
431
538
1477
79
86
198
37038
88
198
3617
316
1358
198
3617
72
20
198
3617
576
198
3617
271
198
3617
2696
198
16923
4803
198
41007
198
525
85
198
9708
1069
198
746
2724
198
746
48809
198
746
2724
278
198
746
2724
9091
198
746
2724
3364
198
746
2150
2584
198
746
84
80
198
14415
2816
198
79
7490
259
3281
198
16564
5171
259
3281
198
27729
272
259
3281
198
79
18320
198
79
522
88
198
79
47536
198
79
11011
198
79
320
9124
198
79
320
525
198
79
11011
14396
291
198
79
11011
14396
501
198
79
320
862
11011
198
79
521
624
198
79
747
198
79
747
276
198
79
747
263
198
79
747
274
220
198
79
747
2256
198
79
747
259
220
198
79
747
278
198
79
271
568
487
220
198
79
396
349
198
79
39291
198
79
844
88
198
1759
7081
198
1759
15219
198
79
5374
64
198
79
5374
78
198
31991
7742
198
79
34028
198
16104
441
198
79
296
198
79
2002
494
198
79
296
1820
198
79
2238
198
26743
198
7501
756
648
198
7501
404
198
7501
3575
198
7501
20618
1073
3575
198
7501
15816
198
36672
1929
270
21879
1077
198
12924
11011
198
1819
354
49572
198
79
1211
198
79
1211
2704
624
198
79
1211
3364
198
79
46447
198
79
1211
4867
198
79
1211
1050
259
919
198
13059
198
79
24085
198
31605
1300
198
1050
291
198
1050
624
198
1050
624
2256
198
19795
8079
198
22930
43589
198
1676
82
198
1676
301
3678
198
1676
9288
415
198
19944
2816
72
198
19944
2816
88
198
79
3266
198
12984
291
198
12984
291
75
501
198
79
463
198
79
463
7081
198
79
4185
198
79
4185
7081
198
79
4649
198
79
2797
648
198
14225
259
499
1173
1108
198
79
1046
198
79
43480
198
79
1046
444
198
79
14650
198
79
14650
9246
198
79
1046
5948
729
198
79
14650
69
12603
198
79
1046
2645
15799
198
79
1046
2645
2419
198
79
1046
2645
2502
198
79
1046
4464
633
263
198
79
385
88
198
421
1077
494
198
4188
891
198
4188
263
198
24209
494
198
421
320
198
430
23
82
198
81
6485
72
198
33001
198
41131
198
42325
198
6335
20155
198
22562
2256
198
81
10757
198
13484
198
31951
198
38545
198
2416
396
198
260
533
358
198
260
1580
563
198
2554
388
198
445
2971
198
445
27235
198
631
2232
198
260
395
494
198
5420
2217
68
198
260
752
198
2787
1299
198
1156
1878
1347
198
7856
841
272
198
260
260
198
1186
446
198
1186
10676
198
822
3077
198
4359
1362
198
3036
21858
198
3036
2229
198
28562
198
22609
527
198
744
25379
198
81
931
198
81
1046
4106
198
81
1046
49375
198
82
324
271
198
82
324
296
198
37687
694
67
13218
198
38142
76
198
38142
77
15249
198
82
39036
198
1416
363
198
1416
453
86
363
198
1416
265
198
20601
6511
198
1416
1809
198
1416
1809
5832
198
1416
10599
388
198
1416
388
198
325
3653
198
325
16634
198
3168
415
198
8044
198
8044
276
198
8044
43323
198
8044
39047
198
8044
4803
198
8044
278
198
8044
74
2621
198
8044
13059
198
8044
36341
198
325
742
24076
198
325
742
726
198
325
742
19417
198
18338
198
8044
935
198
8044
1929
382
198
325
5431
198
8044
4948
6086
198
325
5431
12
82
2475
198
1477
363
198
1477
363
1655
198
1477
16406
198
1477
265
198
1477
615
198
32832
28004
11011
198
7091
1734
88
198
1477
17945
198
1477
259
5708
198
16211
198
16211
5171
198
16211
67
624
198
1477
578
198
1477
578
729
198
1477
863
198
16211
2550
198
16211
24903
198
16211
11147
198
16211
1640
1671
1299
198
16211
31699
198
16211
69
12603
198
16211
12853
198
1477
342
499
641
198
1477
342
1324
641
198
16211
2256
198
1477
342
1076
198
1477
1780
198
16211
4868
198
16211
5708
198
16211
448
1659
46708
198
1477
896
198
16211
301
391
198
1477
2175
198
1477
1967
198
1477
2535
198
1477
9760
220
198
30408
198
1477
12494
198
19509
31699
198
12860
2435
198
82
624
198
82
36419
198
19412
19412
19412
198
82
6346
2047
500
198
82
6346
2047
7274
198
8135
962
198
8135
962
65
2007
198
8135
962
31699
198
8135
962
1929
382
198
8135
39556
198
8135
39556
65
2007
198
8135
39556
1929
382
198
20407
2704
1133
198
8135
388
198
8135
2178
363
198
6649
415
198
6649
415
25379
198
6649
11463
198
6649
3637
198
6649
615
198
36341
198
6649
9586
38291
198
82
7197
38130
363
198
82
7197
38130
439
198
6649
485
270
259
198
6649
524
198
6649
524
1894
198
6649
524
27041
316
198
6649
3008
2256
198
6649
404
2959
198
6649
11081
198
6649
315
198
6649
5500
198
6649
15318
198
6649
315
889
198
6649
315
774
198
6649
315
13927
198
6649
315
1929
382
198
5796
441
198
5796
441
1169
49572
198
5796
315
198
16184
963
198
16184
963
17147
198
16184
15249
198
16184
328
10446
198
16184
15249
278
198
16184
328
5355
198
16184
15249
338
198
82
45554
198
82
1662
198
82
2197
1891
198
82
3408
15249
198
568
65
198
82
375
296
198
82
375
296
786
198
82
375
296
578
198
82
375
296
1096
198
82
375
9145
198
1559
1659
397
2007
198
1559
1659
65
2007
198
568
313
88
198
82
418
198
47272
1155
198
2777
363
17442
571
2194
198
2777
363
17442
259
15249
198
2777
962
198
2777
962
1169
49572
198
82
16321
198
82
16321
330
485
198
82
525
2022
363
198
82
16321
23636
263
198
82
16321
372
1082
198
2777
291
198
2777
624
198
2777
328
198
2777
328
313
774
198
2777
1134
198
2777
270
198
2777
1967
198
22018
715
603
198
2777
2238
469
198
2777
260
671
19345
198
2777
2954
198
2777
28898
198
16485
707
198
301
9460
198
301
733
88
198
26418
261
198
8841
263
198
36311
18664
198
30757
198
20661
3364
198
301
7658
198
301
7658
31699
198
301
7658
69
12603
198
82
1347
198
82
1347
67
624
198
82
12603
198
82
1347
1326
198
82
1347
1820
562
198
82
1347
1820
67
624
198
82
1347
1820
83
270
198
82
1347
2364
198
2385
5285
198
2032
12154
198
2032
439
789
198
2032
282
322
198
2032
459
9232
198
34751
1108
198
1837
49613
198
8658
2238
198
83
2001
198
83
696
261
198
83
648
198
83
415
430
198
18870
40252
198
83
446
198
660
265
198
14007
198
42002
198
9288
68
198
9288
1548
198
9288
2983
198
400
624
75
2419
198
17089
25379
198
17089
1455
198
400
260
5927
198
400
260
16172
198
16514
33900
15249
198
83
19894
198
83
270
198
83
270
2545
77
3974
306
198
83
270
31699
198
83
270
69
12603
198
83
270
31699
259
198
83
270
21858
198
83
270
75
15799
198
83
270
75
2502
198
83
896
198
83
715
494
198
83
715
444
198
83
9760
198
83
429
198
1462
41550
198
83
506
2788
81
5819
198
83
506
518
198
83
506
84
2788
11469
198
83
506
84
21879
696
198
83
419
333
198
83
419
495
198
83
793
263
198
83
322
417
2256
198
9535
346
861
81
1077
198
2213
696
198
2213
42883
198
2213
7737
198
2213
272
18338
198
7645
18338
198
7645
4223
578
198
28461
11141
198
2213
20863
198
23528
13881
198
23528
912
198
83
1347
993
2577
198
28286
4954
1659
23205
198
83
2799
198
15344
261
198
4246
265
198
4246
676
198
4246
676
494
198
4246
672
270
1929
382
198
1347
198
2724
198
403
31699
540
198
4739
74
2265
198
37623
258
562
198
37623
258
43059
198
333
3219
198
333
4559
198
333
500
198
385
1689
198
11894
385
198
29821
1437
198
29821
1292
198
85
18245
198
85
2889
198
85
2889
729
198
85
2889
1352
198
85
1155
36801
198
37502
198
85
4672
198
85
4672
25766
198
85
296
270
198
85
377
6862
198
86
397
198
86
962
198
86
962
263
198
86
15230
198
1014
30679
198
28741
198
975
494
198
732
413
1453
198
86
417
2044
198
86
27122
198
86
316
65
198
86
316
1891
198
86
1039
13059
198
1929
10735
198
1929
1077
198
1929
15249
198
1929
271
2539
198
1929
271
2539
67
624
198
1929
1984
5173
624
198
1929
270
198
1929
270
268
15249
198
1929
2737
198
1929
270
21879
1077
198
11186
88
198
1929
528
198
1929
404
198
1929
382
198
1929
382
69
12603
198
1929
382
4803
198
86
15249
198
10594
494
198
10594
769
962
263
198
86
6548
198
675
198
86
519
198
25878
338
198
86
404
198
86
27110
198
86
1046
198
86
4715
494
198
742
66
198
31811
198
4121
11035
198
36022
805
198
38262
34748
198
89
14710
2256
198
12728
11979
16211
18041
17208
258
694
12758
312
5151
301
7658
